image: InformatikLectureHall_map.pgm
resolution: 0.05
origin: [-15.5352099609375, -8.819076232910156, 0.0]
negate: 0
occupied_thresh: 0.65
free_thresh: 0.196