image: Treitlstrasse_map.png
resolution: 0.05
origin: [-50.170389811197914, -50.02456846691314, 0.0]
negate: 0
occupied_thresh: 0.65
free_thresh: 0.2
