image: InformatikLectureHallObst_map.pgm
resolution: 0.05
origin: [-15.3831591796875, -8.809528198242187, 0.0]
negate: 0
occupied_thresh: 0.65
free_thresh: 0.196
