image: InformatikLectureHallCW_map.pgm
resolution: 0.05
origin: [-15.211376953125, -8.794925537109375, 0.0]
negate: 0
occupied_thresh: 0.65
free_thresh: 0.196

